[gd_scene load_steps=10 format=3 uid="uid://bucvxc1tatmu5"]

[ext_resource type="Shader" uid="uid://da56cpofk0811" path="res://shaders/BlueSky.gdshader" id="1_aawqn"]
[ext_resource type="Shader" uid="uid://bb73cm00bnvlv" path="res://shaders/psxpost.gdshader" id="1_hedl2"]
[ext_resource type="PackedScene" uid="uid://dlvuj72ymblxu" path="res://levels/sea.tscn" id="3_2o4qc"]
[ext_resource type="PackedScene" uid="uid://b2rtravcqkxvj" path="res://meshes/beach.glb" id="4_qqlx6"]
[ext_resource type="PackedScene" uid="uid://c4hphtxe51s4t" path="res://meshes/island2.glb" id="5_tntxr"]

[sub_resource type="ShaderMaterial" id="ShaderMaterial_2o4qc"]
shader = ExtResource("1_hedl2")
shader_parameter/enabled = true
shader_parameter/dithering = true
shader_parameter/colors = 16
shader_parameter/dither_size = 1

[sub_resource type="ShaderMaterial" id="ShaderMaterial_hedl2"]
shader = ExtResource("1_aawqn")
shader_parameter/skyColor = Color(0.360372, 0.807198, 0.975483, 1)
shader_parameter/horizonColor = Color(0.110616, 0.328406, 1, 1)

[sub_resource type="Sky" id="Sky_2o4qc"]
sky_material = SubResource("ShaderMaterial_hedl2")

[sub_resource type="Environment" id="Environment_qqlx6"]
background_mode = 2
sky = SubResource("Sky_2o4qc")
ambient_light_source = 2
ambient_light_color = Color(0.819869, 0.814351, 0.832974, 1)

[node name="SubViewportContainer" type="SubViewportContainer"]
material = SubResource("ShaderMaterial_2o4qc")
anchors_preset = 15
anchor_right = 1.0
anchor_bottom = 1.0
grow_horizontal = 2
grow_vertical = 2
stretch = true

[node name="SubViewport" type="SubViewport" parent="."]
handle_input_locally = false
size = Vector2i(1152, 648)
render_target_update_mode = 4

[node name="Node3D" type="Node3D" parent="SubViewport"]

[node name="WorldEnvironment" type="WorldEnvironment" parent="SubViewport/Node3D"]
environment = SubResource("Environment_qqlx6")

[node name="DirectionalLight3D" type="DirectionalLight3D" parent="SubViewport/Node3D/WorldEnvironment"]
transform = Transform3D(0.707107, -3.09086e-08, 0.707107, -0.707107, -3.09086e-08, 0.707107, 0, -1, -4.37114e-08, 0, 2.32975, 0)

[node name="Camera3D" type="Camera3D" parent="SubViewport/Node3D"]
transform = Transform3D(0.912806, 0, -0.408394, 0, 1, 0, 0.408394, 0, 0.912806, 0, 0.544847, 12.6729)

[node name="MeshInstance3D3" parent="." instance=ExtResource("3_2o4qc")]
transform = Transform3D(122.203, 0, 0, 0, 122.203, 0, 0, 0, 122.203, -0.0846722, -1.76596, 0.267181)

[node name="beach" parent="." instance=ExtResource("4_qqlx6")]
transform = Transform3D(0.420912, 0, -0.000912577, 0, 0.236598, 0, 0.00162365, 0, 0.236596, -0.668021, -0.292475, 10.8012)

[node name="island2" parent="." instance=ExtResource("5_tntxr")]
transform = Transform3D(-0.359443, 0, 0.933167, 0, 1, 0, -0.933167, 0, -0.359443, -6, -0.150532, -22)
